0.000000	0.225185	0.226605	0.225644	0.225989	0.226530	0.224947	0.225919	0.227073	0.224390	0.224911	0.226339	0.225349	0.223850	0.252449	0.252479	0.250710	0.250125	0.257544	0.252618	0.253960	0.254649	0.257600	0.252700	0.254977	0.261829	0.258956	0.257089	0.258549	0.255573	0.254070	0.259789	0.262307	0.256918	0.258281	0.252950	0.259236	0.255939	0.254606	0.251696	0.256731	0.254522	0.258349	0.252476	
0.225185	0.000000	0.227520	0.226617	0.226074	0.227979	0.225358	0.225483	0.227002	0.226372	0.224109	0.227602	0.226779	0.224198	0.251636	0.252526	0.252943	0.252183	0.255559	0.255193	0.254635	0.251847	0.257554	0.254130	0.254700	0.259462	0.261065	0.258912	0.257571	0.259051	0.254667	0.261268	0.262026	0.257571	0.260846	0.252347	0.262307	0.257229	0.255368	0.251270	0.254870	0.254901	0.253726	0.255301	
0.226605	0.227520	0.000000	0.227214	0.226498	0.228570	0.227878	0.227025	0.230529	0.226066	0.226404	0.226496	0.223917	0.225487	0.250769	0.251840	0.254097	0.250964	0.255628	0.252177	0.253913	0.253935	0.257328	0.253339	0.255760	0.262200	0.258928	0.256986	0.254784	0.259306	0.257279	0.258729	0.261040	0.256276	0.258915	0.250346	0.259512	0.257055	0.255370	0.253357	0.253104	0.254166	0.256708	0.252326	
0.225644	0.226617	0.227214	0.000000	0.227529	0.227851	0.228168	0.226460	0.226735	0.225768	0.228212	0.229733	0.226374	0.225177	0.250389	0.251647	0.249255	0.247927	0.255425	0.252005	0.250552	0.253067	0.257642	0.250846	0.253884	0.260631	0.255410	0.256393	0.257080	0.254109	0.251842	0.255905	0.261242	0.257461	0.257209	0.251418	0.260106	0.255695	0.252653	0.252307	0.253135	0.255035	0.252788	0.253080	
0.225989	0.226074	0.226498	0.227529	0.000000	0.227826	0.229968	0.226674	0.230454	0.224594	0.228331	0.227467	0.228026	0.224919	0.252780	0.253282	0.252455	0.252599	0.255299	0.255187	0.254214	0.256719	0.257025	0.251904	0.257160	0.264033	0.258886	0.258461	0.257885	0.256815	0.258623	0.260848	0.262226	0.258051	0.259710	0.255610	0.263134	0.257771	0.255240	0.255117	0.255271	0.255289	0.258177	0.255417	
0.226530	0.227979	0.228570	0.227851	0.227826	0.000000	0.228294	0.224386	0.229456	0.226502	0.226655	0.228087	0.227587	0.227105	0.253266	0.253623	0.253341	0.250312	0.258178	0.253937	0.254574	0.255069	0.257220	0.252089	0.254138	0.259677	0.258342	0.257553	0.260181	0.257880	0.257561	0.260231	0.264049	0.257999	0.260375	0.251839	0.262541	0.255743	0.257956	0.251664	0.255898	0.257872	0.257845	0.253404	
0.224947	0.225358	0.227878	0.228168	0.229968	0.228294	0.000000	0.228191	0.227137	0.225326	0.228900	0.228543	0.226455	0.227729	0.251753	0.251905	0.251453	0.251058	0.256439	0.253677	0.255369	0.253163	0.256778	0.252236	0.256390	0.260734	0.260035	0.257461	0.259444	0.257863	0.254570	0.261501	0.261640	0.258617	0.265867	0.255633	0.261146	0.256231	0.257135	0.256451	0.256068	0.256065	0.258692	0.254277	
0.225919	0.225483	0.227025	0.226460	0.226674	0.224386	0.228191	0.000000	0.228363	0.227477	0.225000	0.230437	0.226980	0.226875	0.248667	0.250747	0.250404	0.248915	0.253447	0.254235	0.253017	0.252706	0.255253	0.250588	0.255273	0.258455	0.258723	0.254008	0.257238	0.258622	0.254969	0.258305	0.260481	0.254595	0.257267	0.252369	0.260064	0.256810	0.254557	0.251688	0.252938	0.252506	0.255252	0.255336	
0.227073	0.227002	0.230529	0.226735	0.230454	0.229456	0.227137	0.228363	0.000000	0.226056	0.228239	0.229516	0.225391	0.225581	0.253936	0.251816	0.254506	0.252200	0.258377	0.254517	0.254779	0.254038	0.258281	0.255132	0.255091	0.263504	0.260184	0.258059	0.257462	0.257984	0.255886	0.258972	0.260823	0.258387	0.260202	0.254680	0.263047	0.260240	0.256541	0.256938	0.256107	0.254722	0.256143	0.255748	
0.224390	0.226372	0.226066	0.225768	0.224594	0.226502	0.225326	0.227477	0.226056	0.000000	0.226929	0.227161	0.224528	0.224481	0.251512	0.251040	0.251761	0.249691	0.255907	0.250275	0.253538	0.251853	0.256232	0.251115	0.252733	0.257046	0.257407	0.255124	0.255921	0.255911	0.253530	0.257476	0.261206	0.254834	0.257671	0.252665	0.255885	0.255928	0.254974	0.250244	0.250245	0.252400	0.255700	0.254449	
0.224911	0.224109	0.226404	0.228212	0.228331	0.226655	0.228900	0.225000	0.228239	0.226929	0.000000	0.228385	0.226640	0.225552	0.251906	0.253633	0.254273	0.251834	0.256231	0.255195	0.255330	0.254697	0.257996	0.251787	0.255180	0.258917	0.261995	0.258360	0.258124	0.261145	0.254388	0.259711	0.263045	0.257189	0.261556	0.252412	0.262686	0.257688	0.254987	0.251745	0.251300	0.253656	0.257220	0.254048	
0.226339	0.227602	0.226496	0.229733	0.227467	0.228087	0.228543	0.230437	0.229516	0.227161	0.228385	0.000000	0.230332	0.225452	0.254451	0.254531	0.255756	0.253478	0.255796	0.254735	0.258314	0.255686	0.259146	0.253805	0.256076	0.263345	0.259917	0.258504	0.256496	0.260042	0.256425	0.262085	0.262518	0.258568	0.260078	0.259012	0.264423	0.260176	0.259086	0.256902	0.256036	0.256517	0.259261	0.252123	
0.225349	0.226779	0.223917	0.226374	0.228026	0.227587	0.226455	0.226980	0.225391	0.224528	0.226640	0.230332	0.000000	0.223693	0.250578	0.250985	0.252115	0.250288	0.256520	0.255375	0.253675	0.253939	0.259314	0.253831	0.255752	0.260992	0.259108	0.254805	0.258750	0.257971	0.255502	0.257820	0.260939	0.256170	0.260989	0.249974	0.261466	0.257736	0.253768	0.249443	0.254174	0.253995	0.258677	0.254387	
0.223850	0.224198	0.225487	0.225177	0.224919	0.227105	0.227729	0.226875	0.225581	0.224481	0.225552	0.225452	0.223693	0.000000	0.252968	0.252931	0.251361	0.252101	0.258426	0.254570	0.255188	0.252899	0.257033	0.253154	0.253778	0.259337	0.258667	0.257564	0.259851	0.253273	0.254106	0.258419	0.259817	0.255774	0.259449	0.252419	0.262720	0.256018	0.253915	0.253870	0.254003	0.255997	0.257482	0.254715	
0.252449	0.251636	0.250769	0.250389	0.252780	0.253266	0.251753	0.248667	0.253936	0.251512	0.251906	0.254451	0.250578	0.252968	0.000000	0.208001	0.213442	0.210929	0.215506	0.209486	0.209780	0.211483	0.216330	0.211389	0.239533	0.240080	0.242779	0.240330	0.239785	0.240615	0.237956	0.243435	0.243989	0.238820	0.243749	0.244031	0.244800	0.238974	0.239607	0.235962	0.237226	0.238577	0.240784	0.236603	
0.252479	0.252526	0.251840	0.251647	0.253282	0.253623	0.251905	0.250747	0.251816	0.251040	0.253633	0.254531	0.250985	0.252931	0.208001	0.000000	0.211370	0.211450	0.215562	0.211165	0.213328	0.211389	0.215406	0.213041	0.239848	0.240821	0.241608	0.237556	0.242448	0.241334	0.239505	0.242937	0.246400	0.242233	0.244106	0.242841	0.245093	0.243620	0.238812	0.233462	0.237453	0.240857	0.243760	0.237921	
0.250710	0.252943	0.254097	0.249255	0.252455	0.253341	0.251453	0.250404	0.254506	0.251761	0.254273	0.255756	0.252115	0.251361	0.213442	0.211370	0.000000	0.211129	0.214489	0.212855	0.211427	0.214267	0.215985	0.214997	0.241820	0.244096	0.244957	0.241298	0.242779	0.240688	0.239175	0.243118	0.245434	0.241860	0.249400	0.244367	0.245020	0.242113	0.239925	0.237483	0.238943	0.239516	0.243243	0.237337	
0.250125	0.252183	0.250964	0.247927	0.252599	0.250312	0.251058	0.248915	0.252200	0.249691	0.251834	0.253478	0.250288	0.252101	0.210929	0.211450	0.211129	0.000000	0.213186	0.210724	0.209705	0.212436	0.214816	0.211015	0.238110	0.241619	0.243160	0.238836	0.241558	0.240146	0.239438	0.243847	0.243350	0.240331	0.243396	0.242666	0.243848	0.241208	0.239232	0.237386	0.238173	0.238014	0.240229	0.234968	
0.257544	0.255559	0.255628	0.255425	0.255299	0.258178	0.256439	0.253447	0.258377	0.255907	0.256231	0.255796	0.256520	0.258426	0.215506	0.215562	0.214489	0.213186	0.000000	0.216436	0.215611	0.216601	0.218360	0.214026	0.244697	0.247444	0.246656	0.247090	0.245234	0.245643	0.245755	0.248044	0.250976	0.247396	0.248464	0.247853	0.244106	0.247530	0.244874	0.240001	0.243328	0.245826	0.246008	0.242526	
0.252618	0.255193	0.252177	0.252005	0.255187	0.253937	0.253677	0.254235	0.254517	0.250275	0.255195	0.254735	0.255375	0.254570	0.209486	0.211165	0.212855	0.210724	0.216436	0.000000	0.209476	0.212676	0.216907	0.213763	0.240929	0.243334	0.243616	0.244102	0.242975	0.243092	0.239513	0.248010	0.246788	0.240753	0.244084	0.246188	0.249202	0.241923	0.240025	0.239629	0.242437	0.242735	0.246121	0.237580	
0.253960	0.254635	0.253913	0.250552	0.254214	0.254574	0.255369	0.253017	0.254779	0.253538	0.255330	0.258314	0.253675	0.255188	0.209780	0.213328	0.211427	0.209705	0.215611	0.209476	0.000000	0.210665	0.213760	0.212854	0.244287	0.241192	0.242337	0.240678	0.246075	0.243297	0.242662	0.244132	0.244610	0.238830	0.244028	0.242177	0.245242	0.243127	0.241596	0.240322	0.239643	0.238208	0.243885	0.240759	
0.254649	0.251847	0.253935	0.253067	0.256719	0.255069	0.253163	0.252706	0.254038	0.251853	0.254697	0.255686	0.253939	0.252899	0.211483	0.211389	0.214267	0.212436	0.216601	0.212676	0.210665	0.000000	0.216196	0.214647	0.242436	0.242018	0.245781	0.243530	0.242941	0.243619	0.240491	0.248281	0.248924	0.238568	0.245138	0.243222	0.245446	0.243290	0.240813	0.235831	0.239178	0.242091	0.244379	0.241052	
0.257600	0.257554	0.257328	0.257642	0.257025	0.257220	0.256778	0.255253	0.258281	0.256232	0.257996	0.259146	0.259314	0.257033	0.216330	0.215406	0.215985	0.214816	0.218360	0.216907	0.213760	0.216196	0.000000	0.213790	0.247000	0.245832	0.246567	0.249254	0.248627	0.248211	0.247018	0.247891	0.251342	0.246729	0.251916	0.248347	0.245526	0.246477	0.244063	0.242038	0.244144	0.243117	0.247001	0.245183	
0.252700	0.254130	0.253339	0.250846	0.251904	0.252089	0.252236	0.250588	0.255132	0.251115	0.251787	0.253805	0.253831	0.253154	0.211389	0.213041	0.214997	0.211015	0.214026	0.213763	0.212854	0.214647	0.213790	0.000000	0.240369	0.244373	0.243208	0.243265	0.243014	0.242916	0.239981	0.245601	0.246672	0.243094	0.245299	0.245915	0.243503	0.242559	0.243196	0.241406	0.239823	0.243072	0.244969	0.240516	
0.254977	0.254700	0.255760	0.253884	0.257160	0.254138	0.256390	0.255273	0.255091	0.252733	0.255180	0.256076	0.255752	0.253778	0.239533	0.239848	0.241820	0.238110	0.244697	0.240929	0.244287	0.242436	0.247000	0.240369	0.000000	0.214406	0.214329	0.214166	0.214007	0.215917	0.210768	0.218036	0.217393	0.213454	0.216185	0.232817	0.219360	0.216444	0.211564	0.211352	0.214438	0.212955	0.215758	0.209015	
0.261829	0.259462	0.262200	0.260631	0.264033	0.259677	0.260734	0.258455	0.263504	0.257046	0.258917	0.263345	0.260992	0.259337	0.240080	0.240821	0.244096	0.241619	0.247444	0.243334	0.241192	0.242018	0.245832	0.244373	0.214406	0.000000	0.214629	0.221681	0.214262	0.215427	0.211612	0.219960	0.224430	0.209221	0.216129	0.233701	0.223800	0.214252	0.215346	0.215793	0.216480	0.210445	0.214189	0.211793	
0.258956	0.261065	0.258928	0.255410	0.258886	0.258342	0.260035	0.258723	0.260184	0.257407	0.261995	0.259917	0.259108	0.258667	0.242779	0.241608	0.244957	0.243160	0.246656	0.243616	0.242337	0.245781	0.246567	0.243208	0.214329	0.214629	0.000000	0.214740	0.217269	0.214260	0.210105	0.210361	0.218358	0.215957	0.218779	0.238198	0.216432	0.211446	0.213090	0.217064	0.214269	0.215163	0.213320	0.209362	
0.257089	0.258912	0.256986	0.256393	0.258461	0.257553	0.257461	0.254008	0.258059	0.255124	0.258360	0.258504	0.254805	0.257564	0.240330	0.237556	0.241298	0.238836	0.247090	0.244102	0.240678	0.243530	0.249254	0.243265	0.214166	0.221681	0.214740	0.000000	0.215704	0.212241	0.209252	0.215756	0.220224	0.218825	0.221124	0.231632	0.218857	0.211149	0.213370	0.214798	0.212318	0.214496	0.218768	0.208243	
0.258549	0.257571	0.254784	0.257080	0.257885	0.260181	0.259444	0.257238	0.257462	0.255921	0.258124	0.256496	0.258750	0.259851	0.239785	0.242448	0.242779	0.241558	0.245234	0.242975	0.246075	0.242941	0.248627	0.243014	0.214007	0.214262	0.217269	0.215704	0.000000	0.218013	0.210839	0.213672	0.219146	0.216956	0.219356	0.237360	0.222567	0.216887	0.216651	0.215018	0.218942	0.216497	0.218690	0.212059	
0.255573	0.259051	0.259306	0.254109	0.256815	0.257880	0.257863	0.258622	0.257984	0.255911	0.261145	0.260042	0.257971	0.253273	0.240615	0.241334	0.240688	0.240146	0.245643	0.243092	0.243297	0.243619	0.248211	0.242916	0.215917	0.215427	0.214260	0.212241	0.218013	0.000000	0.207670	0.218356	0.219095	0.216209	0.218978	0.233025	0.217666	0.216450	0.217748	0.212515	0.213002	0.211815	0.214858	0.215542	
0.254070	0.254667	0.257279	0.251842	0.258623	0.257561	0.254570	0.254969	0.255886	0.253530	0.254388	0.256425	0.255502	0.254106	0.237956	0.239505	0.239175	0.239438	0.245755	0.239513	0.242662	0.240491	0.247018	0.239981	0.210768	0.211612	0.210105	0.209252	0.210839	0.207670	0.000000	0.211393	0.216095	0.212023	0.212013	0.232567	0.219231	0.211934	0.211230	0.208188	0.212283	0.204466	0.214563	0.209699	
0.259789	0.261268	0.258729	0.255905	0.260848	0.260231	0.261501	0.258305	0.258972	0.257476	0.259711	0.262085	0.257820	0.258419	0.243435	0.242937	0.243118	0.243847	0.248044	0.248010	0.244132	0.248281	0.247891	0.245601	0.218036	0.219960	0.210361	0.215756	0.213672	0.218356	0.211393	0.000000	0.217591	0.215819	0.214444	0.237012	0.224618	0.211337	0.216010	0.215212	0.215462	0.216498	0.217055	0.214986	
0.262307	0.262026	0.261040	0.261242	0.262226	0.264049	0.261640	0.260481	0.260823	0.261206	0.263045	0.262518	0.260939	0.259817	0.243989	0.246400	0.245434	0.243350	0.250976	0.246788	0.244610	0.248924	0.251342	0.246672	0.217393	0.224430	0.218358	0.220224	0.219146	0.219095	0.216095	0.217591	0.000000	0.223157	0.217154	0.238136	0.223639	0.216340	0.219476	0.215794	0.217613	0.213442	0.219596	0.215550	
0.256918	0.257571	0.256276	0.257461	0.258051	0.257999	0.258617	0.254595	0.258387	0.254834	0.257189	0.258568	0.256170	0.255774	0.238820	0.242233	0.241860	0.240331	0.247396	0.240753	0.238830	0.238568	0.246729	0.243094	0.213454	0.209221	0.215957	0.218825	0.216956	0.216209	0.212023	0.215819	0.223157	0.000000	0.215156	0.236675	0.219070	0.220071	0.212039	0.212671	0.214092	0.211387	0.215998	0.205850	
0.258281	0.260846	0.258915	0.257209	0.259710	0.260375	0.265867	0.257267	0.260202	0.257671	0.261556	0.260078	0.260989	0.259449	0.243749	0.244106	0.249400	0.243396	0.248464	0.244084	0.244028	0.245138	0.251916	0.245299	0.216185	0.216129	0.218779	0.221124	0.219356	0.218978	0.212013	0.214444	0.217154	0.215156	0.000000	0.237839	0.215603	0.214604	0.210120	0.213999	0.212563	0.214106	0.219320	0.213517	
0.252950	0.252347	0.250346	0.251418	0.255610	0.251839	0.255633	0.252369	0.254680	0.252665	0.252412	0.259012	0.249974	0.252419	0.244031	0.242841	0.244367	0.242666	0.247853	0.246188	0.242177	0.243222	0.248347	0.245915	0.232817	0.233701	0.238198	0.231632	0.237360	0.233025	0.232567	0.237012	0.238136	0.236675	0.237839	0.000000	0.235374	0.232315	0.228732	0.232028	0.230637	0.227560	0.234476	0.230156	
0.259236	0.262307	0.259512	0.260106	0.263134	0.262541	0.261146	0.260064	0.263047	0.255885	0.262686	0.264423	0.261466	0.262720	0.244800	0.245093	0.245020	0.243848	0.244106	0.249202	0.245242	0.245446	0.245526	0.243503	0.219360	0.223800	0.216432	0.218857	0.222567	0.217666	0.219231	0.224618	0.223639	0.219070	0.215603	0.235374	0.000000	0.215295	0.214562	0.217552	0.216118	0.211543	0.223285	0.216191	
0.255939	0.257229	0.257055	0.255695	0.257771	0.255743	0.256231	0.256810	0.260240	0.255928	0.257688	0.260176	0.257736	0.256018	0.238974	0.243620	0.242113	0.241208	0.247530	0.241923	0.243127	0.243290	0.246477	0.242559	0.216444	0.214252	0.211446	0.211149	0.216887	0.216450	0.211934	0.211337	0.216340	0.220071	0.214604	0.232315	0.215295	0.000000	0.209434	0.211410	0.213970	0.213272	0.213877	0.211381	
0.254606	0.255368	0.255370	0.252653	0.255240	0.257956	0.257135	0.254557	0.256541	0.254974	0.254987	0.259086	0.253768	0.253915	0.239607	0.238812	0.239925	0.239232	0.244874	0.240025	0.241596	0.240813	0.244063	0.243196	0.211564	0.215346	0.213090	0.213370	0.216651	0.217748	0.211230	0.216010	0.219476	0.212039	0.210120	0.228732	0.214562	0.209434	0.000000	0.213495	0.215973	0.212079	0.215084	0.212241	
0.251696	0.251270	0.253357	0.252307	0.255117	0.251664	0.256451	0.251688	0.256938	0.250244	0.251745	0.256902	0.249443	0.253870	0.235962	0.233462	0.237483	0.237386	0.240001	0.239629	0.240322	0.235831	0.242038	0.241406	0.211352	0.215793	0.217064	0.214798	0.215018	0.212515	0.208188	0.215212	0.215794	0.212671	0.213999	0.232028	0.217552	0.211410	0.213495	0.000000	0.213901	0.215209	0.212871	0.207877	
0.256731	0.254870	0.253104	0.253135	0.255271	0.255898	0.256068	0.252938	0.256107	0.250245	0.251300	0.256036	0.254174	0.254003	0.237226	0.237453	0.238943	0.238173	0.243328	0.242437	0.239643	0.239178	0.244144	0.239823	0.214438	0.216480	0.214269	0.212318	0.218942	0.213002	0.212283	0.215462	0.217613	0.214092	0.212563	0.230637	0.216118	0.213970	0.215973	0.213901	0.000000	0.211256	0.219502	0.206718	
0.254522	0.254901	0.254166	0.255035	0.255289	0.257872	0.256065	0.252506	0.254722	0.252400	0.253656	0.256517	0.253995	0.255997	0.238577	0.240857	0.239516	0.238014	0.245826	0.242735	0.238208	0.242091	0.243117	0.243072	0.212955	0.210445	0.215163	0.214496	0.216497	0.211815	0.204466	0.216498	0.213442	0.211387	0.214106	0.227560	0.211543	0.213272	0.212079	0.215209	0.211256	0.000000	0.216898	0.210526	
0.258349	0.253726	0.256708	0.252788	0.258177	0.257845	0.258692	0.255252	0.256143	0.255700	0.257220	0.259261	0.258677	0.257482	0.240784	0.243760	0.243243	0.240229	0.246008	0.246121	0.243885	0.244379	0.247001	0.244969	0.215758	0.214189	0.213320	0.218768	0.218690	0.214858	0.214563	0.217055	0.219596	0.215998	0.219320	0.234476	0.223285	0.213877	0.215084	0.212871	0.219502	0.216898	0.000000	0.213543	
0.252476	0.255301	0.252326	0.253080	0.255417	0.253404	0.254277	0.255336	0.255748	0.254449	0.254048	0.252123	0.254387	0.254715	0.236603	0.237921	0.237337	0.234968	0.242526	0.237580	0.240759	0.241052	0.245183	0.240516	0.209015	0.211793	0.209362	0.208243	0.212059	0.215542	0.209699	0.214986	0.215550	0.205850	0.213517	0.230156	0.216191	0.211381	0.212241	0.207877	0.206718	0.210526	0.213543	0.000000	
